13709
9142
44438
42454
26818
35155
65041
59311
43438
30773
46782
62941
38374
15935
44634
3642
32978
28147
33054
64098
61554
8669
820
53469
40383
48243
62983
14156
56162
48796
24733
26037
26462
7145
27962
29316
61543
47885
62207
7771
35556
14149
18366
19634
5547
9376
49376
5352
6185
63893
32902
17614
64668
50265
6578
54369
3628
11800
64089
6215
17756
14875
55281
2168
29446
9934
63963
10176
39846
56145
51180
6839
32688
8547
35241
50850
9043
23048
34807
34175
15723
28332
32240
8721
29635
2515
25052
36727
12224
62770
27628
47603
13011
12288
61634
5206
19266
33646
12588
15646
6460
11515
57838
64034
34471
35505
38300
63458
52072
29930
49675
62534
51413
18410
10920
60022
31520
15832
37857
16423
54266
5049
51441
2831
47023
33274
57511
6423
4812
36735
62834
11667
11083
29930
3417
48068
55939
43367
1553
35132
17895
53991
950
62348
51516
64906
5360
55978
65220
33118
43233
22098
26043
61106
45308
44819
59226
53359
11962
34234
2770
60766
49550
31664
50036
19730
2150
1774
30171
51205
16935
49813
48027
31772
11693
33866
1288
35779
21131
44150
2088
1624
25627
38545
53117
28899
38604
11565
42134
54861
30724
34201
18036
35577
2568
65259
13297
26761
43744
51836
64474
30853
13807
32359
49271
6014
8104
32706
32812
6716
14407
47239
27085
31816
47378
22042
1677
28294
7957
51270
26205
5599
45286
5770
41786
2506
60184
63960
62896
18591
10960
13623
34300
18572
63410
1609
751
28706
10318
31272
34598
17530
40581
8494
16340
11726
36538
20386
47940
51704
44106
32773
29109
22171
25478
55298
34450
1986
41900
31090
33643
58093
65055
34614
54983
30364
55873
22642
45138
2964
45595
40508
48880
33621
13001
34336
50584
20289
24481
37182
44613
55663
38760
47822
2188
29687
27445
4920
57413
51515
23932
32093
51652
47207
55626
15428
29064
10314
27704
22067
3623
20777
44367
497
47618
14188
22078
49469
70
65080
14106
835
10930
36265
38337
6341
3478
64826
44250
31811
61942
50161
49674
26915
44125
56688
19204
3900
5896
41322
58447
23428
51330
49742
14037
62478
37449
54415
2368
11340
48765
29219
35684
2094
9577
55708
52162
61392
40224
9806
19550
11330
23449
35564
56497
15993
8180
29417
29925
22129
10055
64580
31389
49021
30049
50142
64559
49870
2078
44604
25578
61377
27873
56794
29914
46461
33086
56111
3265
61596
6896
35218
57109
21623
60653
39797
51629
8323
22908
4164
24849
14603
26682
58054
12007
48604
52487
30833
56411
31622
42566
58630
7070
55935
16313
33327
49685
9628
63540
17637
51140
29850
13594
15020
6950
10863
48122
35595
45608
40978
37431
40602
29924
15723
45442
51383
31721
18823
5971
11182
17862
9028
27367
62736
38287
17046
12680
29059
26909
25276
10680
34964
8527
62724
23521
43611
33785
36129
132
5712
38208
20712
57551
9396
32924
45199
64804
9958
30622
18445
19997
52897
53547
59503
30084
25978
1610
28427
22184
33873
54671
27325
19928
17169
47656
10974
11911
56137
37789
58128
13450
37117
24085
10235
42866
1064
60415
26225
23880
14174
57486
46633
29837
1288
39304
52591
14839
6356
7746
2710
1506
65225
37833
52237
3457
26858
41767
22522
23857
26588
57651
45424
63937
14039
50894
8885
5869
10082
32781
21355
22255
45721
38930
13633
41848
17318
53503
19531
47211
48785
50008
8035
22025
26458
55571
23433
65465
46097
65021
14583
32698
55563
50268
27715
17416
56730
34985
46904
18111
41146
19873
32406
8623
3504
2468
33262
19128
32665
4805
29514
14934
58742
22375
7129
28820
3659
26824
33633
19411
53906
51966
8260
24978
52782
62876
65406
18666
34804
22784
36253
25150
14983
12577
52529
19564
47502
65317
21367
10119
61094
61962
64152
5235
12051
3019
24662
14649
50758
22147
43769
61618
54851
25580
47651
17042
30157
43978
37165
46096
22894
13142
570
27303
30766
29479
9981
18193
58145
25130
9306
28630
22671
17895
53990
60859
9259
49647
54774
51846
19951
9542
14283
12539
25976
9151
63915
36061
55159
46710
64655
41154
27494
28767
61664
3646
34871
1576
29605
20814
13453
27203
25543
45742
31078
45631
44301
2912
10798
63701
3665
18299
60022
50085
42825
42068
11442
47987
44745
32693
28308
5463
34366
55388
762
10763
18719
5221
42844
57633
61724
20046
5983
47176
36903
60802
62682
60852
64176
8647
6568
18334
27713
33314
45861
58610
16831
28059
4437
46029
17730
20311
38450
36017
18766
54729
43007
27794
60299
57015
29854
63298
25344
64881
63421
56991
47772
22159
23181
17544
59358
10882
62900
58648
54688
63279
3574
14179
58934
5667
42325
39977
11445
14805
17884
46784
56689
3585
40178
46202
20470
32547
46675
19605
39676
6153
2200
54923
62340
23602
47975
55437
52657
48971
17515
48196
28173
40594
56612
63296
28500
36332
23534
26177
27038
4333
40807
4645
46613
64892
14311
14754
29883
58118
4157
42920
55851
54291
2272
57970
8186
22851
20450
7692
40438
31225
34907
36325
55981
4376
56762
24330
12609
53468
65359
28410
53081
47338
52683
36173
47755
31411
40064
34639
38650
37697
10906
24633
35704
19437
35251
23849
47192
32370
44901
5551
51145
55683
23284
40708
36588
33537
46890
29862
4228
45306
59220
46125
25375
7285
46319
3801
38693
52629
22233
57652
13276
35161
51762
51936
55042
19224
13715
63037
61370
28828
6285
50028
5436
11248
43005
29821
41537
5019
15324
45961
45548
17836
28975
46957
26638
5495
62076
31503
18267
3076
22400
62842
53973
39308
22896
49592
36476
65514
39060
56126
50302
7210
19076
25201
500
64858
35334
7051
44781
61916
23233
5085
17258
32745
14372
36312
37928
51950
44979
46653
22763
15181
53348
23502
6374
61935
25199
51721
62098
4684
59793
19976
31178
15718
28500
54791
2769
35808
18392
32591
14786
54781
16866
61107
24059
25466
36657
40157
61011
969
50232
9254
26619
46754
29381
24936
42207
11909
31246
22257
53576
40819
21595
10253
64010
7642
38708
55174
30345
49319
62186
19290
8926
20498
12791
16163
32900
25904
48072
33796
54626
61121
43500
9324
21565
23191
36395
41494
13473
33369
7169
43281
32093
39580
17648
51874
41586
1703
17631
24885
5967
11728
9936
56122
40821
27557
33526
49279
41911
28192
29052
46012
45070
57140
49593
3066
44815
62873
36948
60997
37727
30107
63459
52020
7853
